Q10 0 1438 0
Q10 0 1525 2
Q10 0 2089 2
Q10 0 2767 2
Q10 0 2769 2
Q10 0 4569 0
Q10 0 5421 3
Q10 0 5876 3
Q10 0 6437 2
Q10 0 7015 1
Q10 0 7435 2
Q10 0 7617 0
Q10 0 11042 1
Q10 0 13535 0
Q10 0 17528 0
Q11 0 782 0
Q11 0 1525 1
Q11 0 1825 0
Q11 0 2689 2
Q11 0 4654 0
Q11 0 7038 0
Q11 0 11240 1
Q11 0 12545 1
Q11 0 13528 0
Q11 0 13645 0
Q11 0 14361 0
Q11 0 16390 0
Q11 0 17289 0
Q11 0 17644 0
Q15 0 594 0
Q15 0 809 0
Q15 0 7575 1
Q15 0 7951 0
Q15 0 8091 0
Q15 0 8829 0
Q15 0 9069 1
Q15 0 10933 2
Q15 0 11673 0
Q15 0 13024 0
Q15 0 13208 0
Q15 0 15858 0
Q15 0 17415 0
Q16 0 663 1
Q16 0 1461 1
Q16 0 1770 0
Q16 0 1773 0
Q16 0 1965 0
Q16 0 1966 0
Q16 0 1968 0
Q16 0 1970 0
Q16 0 4068 0
Q16 0 6313 1
Q16 0 8293 0
Q16 0 12010 0
Q16 0 12241 0
Q16 0 14410 1
Q16 0 14749 0
Q16 0 16219 0
Q17 0 615 0
Q17 0 2103 0
Q17 0 2357 0
Q17 0 2782 0
Q17 0 2783 0
Q17 0 4315 0
Q17 0 6576 0
Q17 0 8577 0
Q17 0 11998 0
Q17 0 13274 0
Q17 0 13864 0
Q17 0 14762 0
Q17 0 15049 0
Q17 0 16156 1
Q17 0 16217 3
