Q01 0 1800 1
Q01 0 9630 1
Q01 0 9632 1
Q01 0 4183 1
Q01 0 7819 0
Q01 0 6355 3
Q01 0 633 1
Q01 0 6986 1
Q01 0 12417 0
Q01 0 9241 0
Q01 0 5906 2
Q01 0 3277 0
Q01 0 6985 3
Q02 0 1589 0
Q02 0 2357 0
Q02 0 4232 1
Q02 0 5323 1
Q02 0 7398 2
Q02 0 8121 0
Q02 0 9646 0
Q02 0 13145 0
Q02 0 13864 0
Q02 0 15422 0
Q02 0 15644 0
Q02 0 17675 0
Q02 0 17820 0
Q02 0 17821 0
Q02 0 17822 0
Q02 0 17827 0
Q03 0 1143 1
Q03 0 7174 0
Q03 0 7406 0
Q03 0 8632 0
Q03 0 8914 0
Q03 0 9121 0
Q03 0 11231 1
Q03 0 11298 3
Q03 0 12639 0
Q03 0 14031 1
Q03 0 16550 2
Q03 0 16822 1
Q03 0 17771 0
Q03 0 17772 0
Q03 0 17774 0
Q03 0 17775 0
Q03 0 17810 0
Q04 0 1805 2
Q04 0 1912 1
Q04 0 1914 1
Q04 0 2447 0
Q04 0 3840 1
Q04 0 4191 3
Q04 0 6532 0
Q04 0 7591 1
Q04 0 8309 0
Q04 0 9209 0
Q04 0 12339 0
Q04 0 12935 1
Q04 0 13722 3
Q04 0 14546 0
Q04 0 16455 0
Q04 0 17740 2
Q05 0 5576 0
Q05 0 5578 0
Q05 0 7085 1
Q05 0 9391 0
Q05 0 10577 0
Q05 0 10711 0
Q05 0 10712 0
Q05 0 11145 0
Q05 0 11503 0
Q05 0 11772 1
Q05 0 12150 0
Q05 0 13293 1
Q05 0 13681 0
Q05 0 14378 0
Q05 0 15441 1
Q05 0 17282 0
Q05 0 17776 0
Q06 0 662 3
Q06 0 663 2
Q06 0 1461 3
Q06 0 1770 2
Q06 0 1773 1
Q06 0 1774 1
Q06 0 1966 2
Q06 0 1967 2
Q06 0 1968 2
Q06 0 1969 1
Q06 0 1970 1
Q06 0 1971 1
Q07 0 2866 0
Q07 0 3772 1
Q07 0 4146 0
Q07 0 8540 1
Q07 0 9640 1
Q07 0 10339 3
Q07 0 10773 0
Q07 0 11729 2
Q07 0 12102 1
Q07 0 13729 1
Q07 0 14395 0
Q07 0 16912 1
Q07 0 17561 2
Q07 0 17717 0
Q08 0 1973 1
Q08 0 6675 1
Q08 0 8217 2
Q08 0 9072 1
Q08 0 10030 2
Q08 0 11188 3
Q08 0 11396 1
Q08 0 12466 1
Q08 0 13212 1
Q08 0 13854 2
Q08 0 15941 2
Q08 0 16205 2
Q08 0 16533 0
Q09 0 775 2
Q09 0 1164 3
Q09 0 2862 1
Q09 0 5311 1
Q09 0 5323 1
Q09 0 5561 2
Q09 0 5626 1
Q09 0 5664 0
Q09 0 6216 1
Q09 0 6596 2
Q09 0 6974 1
Q09 0 7363 1
Q09 0 7978 0
Q09 0 10136 2
Q09 0 10235 1
Q09 0 12424 2
Q09 0 17453 0
Q10 0 1438 0
Q10 0 1525 2
Q10 0 2089 2
Q10 0 2767 2
Q10 0 2769 2
Q10 0 4569 0
Q10 0 5421 3
Q10 0 5876 3
Q10 0 6437 2
Q10 0 7015 1
Q10 0 7435 2
Q10 0 7617 0
Q10 0 11042 1
Q10 0 13535 0
Q10 0 17528 0
Q11 0 782 0
Q11 0 1525 1
Q11 0 1825 0
Q11 0 2689 2
Q11 0 4654 0
Q11 0 7038 0
Q11 0 11240 1
Q11 0 12545 1
Q11 0 13528 0
Q11 0 13645 0
Q11 0 14361 0
Q11 0 16390 0
Q11 0 17289 0
Q11 0 17644 0
Q15 0 594 0
Q15 0 809 0
Q15 0 7575 1
Q15 0 7951 0
Q15 0 8091 0
Q15 0 8829 0
Q15 0 9069 1
Q15 0 10933 2
Q15 0 11673 0
Q15 0 13024 0
Q15 0 13208 0
Q15 0 15858 0
Q15 0 17415 0
Q16 0 663 1
Q16 0 1461 1
Q16 0 1770 0
Q16 0 1773 0
Q16 0 1965 0
Q16 0 1966 0
Q16 0 1968 0
Q16 0 1970 0
Q16 0 4068 0
Q16 0 6313 1
Q16 0 8293 0
Q16 0 12010 0
Q16 0 12241 0
Q16 0 14410 1
Q16 0 14749 0
Q16 0 16219 0
Q17 0 615 0
Q17 0 2103 0
Q17 0 2357 0
Q17 0 2782 0
Q17 0 2783 0
Q17 0 4315 0
Q17 0 6576 0
Q17 0 8577 0
Q17 0 11998 0
Q17 0 13274 0
Q17 0 13864 0
Q17 0 14762 0
Q17 0 15049 0
Q17 0 16156 1
Q17 0 16217 3
